00041000
00041001
00041002
00041003
00041004
00041005
00041006
00041007
00041009
00041011
00041012
00041013
00041014
00041015
00041016
00041017
00041018
00041019
00041021
00041022
00041023
00041024
00041026
00041027
00041028
00041030
00041031
00041032
00041033
00041034
00041035
00041036
00041037
00041038
00041040
00041041
00041042
00041043
00041044
00041045
00041046
00041047
00041048
00041049
00041050
00041051
00041052
00041054
00041055
00041056
00041057
00041059
00041061
00041062
00041063
00041064
00041065
00041067
00041068
00041070
00041072
00041074
00041075
00041076
00041077
00041078
00041079
00041082
00041083
00041084
00041086
00041087
00041088
00041089
00041090
00041091
00041092
00041094
00041096
00041097
00041098
00041100
00041103
00041104
00041107
00041108
00041110
00041112
00041113
00041114
00041115
00041117
00041118
00041119
00041120
00041121
00041122
00041123
00041124
00041125
00041126
00041128
00041129
00041130
00041131
00041132
00041134
00041135
00041136
00041137
00041138
00041139
00041140
00041141
00041142
00041143
00041145
00041146
00041147
00041148
00041150
00041152
00041154
00041155
00041157
00041158
00041160
00041162
00041163
00041164
00041166
00041167
00041168
00041169
00041170
00041171
00041173
00041174
00041175
00041176
00041177
00041178
00041180
00041181
00041182
00041183
00041184
00041185
00041186
00041187
00041189
00041190
00041193
00041195
00041196
00041197
00041198
00041200
00041201
00041202
00041203
00041204
00041205
00041207
00041208
00041209
00041210
00041211
00041212
00041213
00041214
00041215
00041216
00041218
00041220
12000001
12000017
12000038
12000052
12000068
12000085
12000102
12000119
12000136
12000155
12000204
12000593
12100000
12100001
12100002
12100003
12100004
12100006
12100007
12100008
12100009
12100010
12100011
12100012
12100013
12100014
12100015
12100016
12100017
12100018
12100019
12100020
12100021
12100022
12100024
12100026
12100028
12100029
12100030
12100031
12100032
12100035
12100036
12100037
12100038
12100039
12100040
12100041
12100042
12100043
12100046
12100047
12100049
12100050
12100052
12100053
12100054
12100055
12100056
12100057
12100058
12100060
12100061
12100062
12100063
12100064
12100065
12100121
12100122
12100123
12100124
12100125
12100126
12100127
12100128
12100129
12100131
12100132
12100133
12100134
12100135
12100136
12100138
12100139
12100140
12100141
12100142
12100143
12100144
12100146
12100147
12100148
12100149
12100150
12100151
12100152
12100153
12100154
12100155
12100156
12100157
12100159
12100160
12100163
12100164
12100165
12100166
12100167
12100169
12100170
12100172
12100173
12100174
12100175
12100176
12100177
12100178
12100179
12100180
12100181
12100183
12100184
12100185
12100186
12100187
12100188
12100189
12100190
12100191
12100193
12100194
12100195
12100196
12100197
12100198
12100199
12300060
12300061
12300062
12300063
12300064
12300065
12300067
12300069
12300070
12300071
12300072
12300073
12300075
12300076
12300077
12300110
12300112
12300114
12300115
12300117
12300120
12300121
12300122
12300123
12300124
12300125
12300126
12300127
12300128
12300129
12300131
12300132
12300133
12300134
12300136
12300137
12300138
12300139
12300140
12300141
12300142
12300145
12300146
12300147
12300148
12300149
12300150
12300151
12300152
12300154
12300155
12300156
12300216
12300217
12300219
12300221
12300222
12300223
12300224
12300226
12300227
12300229
12300230
12300232
12300234
12300235
12300237
12300238
12300240
12300241
12300243
12300245
12300246
12300247
12300248
13000001
13000002
13000004
13000005
13000007
13000008
13000010
13000011
13000013
13000014
13000015
13000016
13000017
13000018
13000019
13000020
13000021
13000022
13000023
13000024
13000025
13000026
13000027
13000028
13000030
13000031
13000032
13000033
13000034
13000035
13000036
13000038
13000039
13000041
13000042
13000043
13000044
13000045
13000046
13000047
13000048
13000049
13000051
13000052
13000053
13000054
13000057
13000059
13000061
13000062
13000063
13000064
13000065
13000066
13000067
13000069
13000070
13000071
13000072
13000075
13000076
13000077
13000079
13000080
13000081
13000082
13000083
13000084
13000085
13000086
13000087
13000089
13000090
13000091
13000092
13000093
13000094
13000096
13000098
13000099
13000100
13000101
13000102
13000103
13000104
13000105
13000106
13000107
13000108
13000109
13000111
13000112
13000114
13000116
13000117
13000120
13000121
13000123
13000124
13000125
13000127
13000128
13000130
13000131
13000132
13000133
13000134
13000135
13000136
13000137
13000138
13000139
13000140
13000141
13000142
13000143
13000145
13000146
13000147
13000148
13000149
13000152
13000153
13000154
13000156
13000157
13000158
13000159
13000160
13000162
13000163
13000164
13000165
13000166
13000167
13000168
13000169
13000170
13000172
13000173
13000174
13000175
13000176
13000178
13000179
13000180
13000181
13000182
13000183
13000184
13000185
13000186
13000187
13000188
13000191
13000192
13000193
13000194
13000195
13000196
13000197
13000199
13000200
13000201
13000202
13000203
13000204
13000206
13000208
13000209
13000211
13000212
13000213
13000215
20085000
20085001
20085002
20085003
20085005
20085006
20085007
20085009
20085010
20085011
20085013
20085014
20085015
20085016
20085017
20085018
20085020
20085021
20085022
20085023
20085024
20085025
20085026
20085027
20085028
20085030
20085031
20085032
20085034
20085035
20085036
20085037
20085038
20085039
20085040
20085041
20085042
20085044
20085045
20085046
20085047
20085049
20085050
20085051
20085052
20085053
20085054
20085055
20085056
20085057
20085058
20085059
20085060
20085061
20085062
20085063
20085064
20085065
20085066
20085067
20085068
20085070
20085071
20085072
20085073
20085075
20085076
20085077
20085078
20085079
20085080
20085082
20085083
20085085
20085086
20085087
20085088
20085089
20085090
20085092
20085094
20085095
20085096
20085098
20085100
20085101
20085102
20085103
20085104
20085105
20085107
20085108
20085109
20085111
20085112
20085113
20085115
20085116
20085117
20085118
20085119
20085120
20085121
20085122
20085123
20085124
20085125
20085126
20085127
20085129
20085130
20085131
20085132
20085133
20085134
20085136
20085138
20085139
20085140
20085141
20085143
20085144
20085145
20085146
20085147
20085149
20085150
20085151
20085152
20085153
20085155
20085156
20085158
20085160
20085161
20085165
20085166
20085167
20085168
20085169
20085170
20085171
20085172
20085173
20085174
20085175
20085176
20085177
20085178
20085179
20085180
20085181
20085182
20085183
20085184
20085185
20085187
20085188
20085189
20085191
20085192
20085193
20085194
20085195
20085196
20085198
20085199
20085202
20085204
20085205
20085206
20085207
20085210
20085211
20085212
20085213
20085214
20085215
20085216
20085217
20085218
20085219
20085220
20085221
20085222
20085223
20085224
20085225
20085226
20085227
20085228
20085229
20085231
20085232
20085233
20085234
20085235
20085237
20085238
20085239
20085241
20085242
20085243
20085244
20085245
20085246
20085247
20085248
20085249
20085250
20085251
20085252
20085253
20085255
20085256
20085257
20085258
20085261
20085262
20085263
20085265
20085266
20085267
20085268
20085270
20085271
20085272
20085273
20085275
20085276
20085277
20085278
20085279
20085280
20085281
20085282
20085283
20085285
20085286
20085288
20085289
20085290
20085291
20085292
20085294
20085295
20085296
20085298
20085299
20085300
20085301
20085302
20085303
20085304
20085305
20085307
20085308
20085309
20085310
20085311
20085312
20085313
20085314
20085315
20085317
20085318
20085319
20085320
20085321
20085322
20085323
20085324
44000011
44000012
44000013
44000014
44000015
44000017
44000018
44000020
44000021
44000022
44000023
44000024
44000025
44000026
44000027
44000028
44000029
44000030
44000032
44000037
44000038
44000039
44000040
44000041
44000042
44000044
44000045
44000046
44000047
44000048
44000049
44000050
44000051
44000052
44000053
44000054
44000055
44000056
44000057
44000058
44000059
44000060
44000061
44000066
44000067
44000068
44000070
44000072
44000074
44000075
44000076
44000077
44000078
44000080
44000081
44000082
44000083
44000084
44000086
44000087
44000088
44000092
44000094
44000096
44000097
44000099
44000100
44000101
44000105
44000106
44000107
44000108
44000109
44000110
44000112
44000113
50600000
50600001
50600002
50600003
50600004
50600005
50600007
50600008
50600009
50600010
50600011
50600012
50600013
50600015
50600016
50600018
50600019
50600020
50600022
50600024
50600025
50600026
50600027
50600030
50600031
50600032
50600033
50600034
50600035
50600036
50600037
50600038
50600039
50600041
50600043
50600044
50600045
50600046
50600048
50600049
50600050
50600051
50600052
50600054
50600055
50600056
50600057
50600058
50600059
50600061
50600062
50600063
50600064
50600065
50600066
50600067
50600068
50600069
50600070
50600071
50600072
50600073
50600074
50600075
50600076
50600077
50600078
77000000
77000001
77000004
77000005
77000006
77000007
77000008
77000009
77000010
77000011
77000012
77000013
77000014
77000015
77000016
77000018
77000020
77000021
77000022
77000023
77000024
77000025
77000026
77000027
77000028
77000029
77000030
77000032
77000033
77000034
77000035
77000036
77000037
77000039
77000042
77000043
77000044
77000045
77000046
77000047
77000048
77000049
77000052
77000053
77000054
77000055
77000056
77000057
77000058
77000060
77000061
77000062
77000063
77000064
77000065
77000066
77000069
77000070
77000071
77000072
77000073
77000074
77000075
77000076
77000077
77000078
77000079
77000080
77000081
77000082
77000083
77000084
77000085
77000086
77000088
77000089
77000091
77000092
77000093
77000094
77000096
77000097
77000098
77000099
77000100
77000101
77000102
77000103
77000104
77000105
77000106
90100000
90100002
90100003
90100004
90100005
90100008
90100009
90100010
90100011
90100012
90100013
90100014
90100016
90100017
90100018
90100019
90100022
90100024
90100025
90100027
90100029
90100032
90100033
90100036
90100037
90100038
90100040
90100041
90100042
90100043
90100044
90100045
90100046
90100048
90100049
90100052
90100053
90100054
90100056
90100058
90100059
90100061
90100062
90100064
90100065
90100067
90100068
90100069
90100070
90100072
90100073
90100074
90100075
90100076
90100081
90100083
90100086
92000000
92000001
92000002
92000003
92000004
92000005
92000006
92000007
92000008
92000009
92000012
92000013
92000014
92000015
92000016
92000017
92000018
92000019
92000020
92000022
92000023
92000024
92000025
92000026
92000029
92000030
92000031
92000033
92000034
92000035
92000036
92000037
92000039
92000040
92000041
92000042
92000043
92000044
92000045
92000046
92000050
92000053
92000055
92000057
92000058
92000059
92000060
92000061
92000062
92000063
92000064
92000065
92000066
92000067
92000068
92000069
92000070
92000071
92000072
92000073
92000075
92000076
92000077
92000078
92000085
92000087
92000088
92000089
92000090
92000092
92000093
92000094
92000095
92000096
92000097
92000098
92000100
92000101
92000102
92000103
92000105
92000106
92000107
92000110
92000111
92000112
92000113
92000114
92000116
92000117
92000118
92000119
