0 0.29375 0.7601562500000001 0.05625 0.045312500000000006
1 0.6414062500000001 0.7367187500000001 0.0484375 0.0671875
4 0.5867187500000001 0.47109375000000003 0.0703125 0.06406250000000001
5 0.18671875000000002 0.32578125 0.045312500000000006 0.060937500000000006
4 0.5554687500000001 0.33046875000000003 0.0546875 0.060937500000000006
2 0.27109375 0.44453125000000004 0.0546875 0.0546875
1 0.8359375 0.7765625 0.06875 0.046875
1 0.5109375 0.7796875000000001 0.043750000000000004 0.065625
2 0.17500000000000002 0.6296875000000001 0.046875 0.05625
2 0.8226562500000001 0.33437500000000003 0.0671875 0.046875
