0 0.503125 0.49375 0.053125000000000006 0.046875
0 0.62109375 0.35625 0.0546875 0.037500000000000006
2 0.39921875 0.39609375 0.0546875 0.0390625
2 0.309375 0.08984375 0.053125000000000006 0.0421875
5 0.30781250000000004 0.12421875 0.05 0.0546875
3 0.7664062500000001 0.40937500000000004 0.051562500000000004 0.043750000000000004
5 0.9140625 0.1 0.053125000000000006 0.053125000000000006
4 0.68671875 0.6734375 0.09531250000000001 0.065625
3 0.36484375 0.5828125000000001 0.051562500000000004 0.043750000000000004
2 0.3140625 0.6273437500000001 0.053125000000000006 0.045312500000000006
