0 0.55859375 0.58046875 0.06406250000000001 0.1015625
1 0.4140625 0.515625 0.046875 0.059375000000000004
2 0.19375 0.40937500000000004 0.05625 0.046875
4 0.2828125 0.2890625 0.05625 0.046875
5 0.026562500000000003 0.36484375 0.037500000000000006 0.0546875
4 0.40156250000000004 0.22890625 0.065625 0.0703125
2 0.6257812500000001 0.4140625 0.0484375 0.043750000000000004
5 0.265625 0.13046875 0.0625 0.0546875
1 0.6421875 0.52109375 0.0625 0.045312500000000006
0 0.065625 0.75703125 0.043750000000000004 0.0546875
