2 0.74921875 0.7117187500000001 0.0421875 0.045312500000000006
1 0.73984375 0.5437500000000001 0.060937500000000006 0.15000000000000002
3 0.54296875 0.41484375 0.051562500000000004 0.0546875
3 0.37031250000000004 0.51875 0.05 0.05625
4 0.26015625000000003 0.253125 0.0484375 0.040625
5 0.79453125 0.06484375 0.051562500000000004 0.0421875
5 0.69140625 0.06015625 0.0578125 0.045312500000000006
5 0.41250000000000003 0.5554687500000001 0.043750000000000004 0.045312500000000006
0 0.8835937500000001 0.44921875 0.08281250000000001 0.0890625
4 0.16875 0.7546875000000001 0.059375000000000004 0.043750000000000004
