0 0.19453125000000002 0.37812500000000004 0.09843750000000001 0.078125
2 0.7203125 0.07734375 0.040625 0.0421875
3 0.23984375000000002 0.28046875 0.045312500000000006 0.051562500000000004
4 0.30078125 0.6046875 0.051562500000000004 0.059375000000000004
5 0.30078125 0.31328125 0.0578125 0.060937500000000006
3 0.628125 0.2859375 0.053125000000000006 0.040625
2 0.48515625 0.6351562500000001 0.051562500000000004 0.0421875
2 0.17421875 0.46796875000000004 0.051562500000000004 0.045312500000000006
2 0.63203125 0.45703125 0.0671875 0.051562500000000004
4 0.12578125 0.8078125 0.0484375 0.05625
5 0.47187500000000004 0.8773437500000001 0.037500000000000006 0.060937500000000006
3 0.34765625 0.20390625 0.045312500000000006 0.0484375
