0 0.28750000000000003 0.7046875 0.05625 0.046875
1 0.1953125 0.5375 0.043750000000000004 0.09375
1 0.6507812500000001 0.6585937500000001 0.0390625 0.06406250000000001
3 0.46015625000000004 0.84140625 0.051562500000000004 0.0484375
0 0.28046875 0.8070312500000001 0.051562500000000004 0.051562500000000004
0 0.41640625000000003 0.5859375 0.0484375 0.053125000000000006
3 0.05859375 0.5578125 0.0421875 0.05
5 0.13046875 0.20390625 0.0484375 0.051562500000000004
3 0.596875 0.6046875 0.053125000000000006 0.043750000000000004
5 0.47265625 0.9437500000000001 0.045312500000000006 0.05
