0 0.3609375 0.42109375000000004 0.0625 0.0546875
1 0.53671875 0.34296875000000004 0.051562500000000004 0.07968750000000001
2 0.29609375 0.115625 0.0546875 0.046875
2 0.18984375 0.35078125000000004 0.0546875 0.0390625
3 0.11093750000000001 0.19921875 0.043750000000000004 0.0546875
5 0.10390625 0.2609375 0.0390625 0.05
4 0.35859375000000004 0.21875 0.060937500000000006 0.053125000000000006
3 0.31875000000000003 0.6015625 0.05 0.043750000000000004
4 0.821875 0.6312500000000001 0.05625 0.08125
5 0.6515625 0.6703125000000001 0.053125000000000006 0.053125000000000006
