0 0.6335937500000001 0.4234375 0.09843750000000001 0.078125
1 0.52890625 0.6265625 0.051562500000000004 0.06875
3 0.275 0.540625 0.05625 0.053125000000000006
5 0.6351562500000001 0.584375 0.0671875 0.040625
4 0.27265625 0.7796875000000001 0.0671875 0.078125
4 0.43125 0.3328125 0.078125 0.07187500000000001
2 0.08281250000000001 0.35781250000000003 0.0625 0.040625
3 0.19687500000000002 0.41718750000000004 0.040625 0.05625
1 0.17500000000000002 0.7312500000000001 0.059375000000000004 0.043750000000000004
0 0.1296875 0.65625 0.053125000000000006 0.0625
