0 0.55 0.6117187500000001 0.08750000000000001 0.0390625
1 0.1265625 0.521875 0.037500000000000006 0.065625
2 0.21796875000000002 0.496875 0.0546875 0.046875
5 0.40078125000000003 0.38671875 0.051562500000000004 0.0578125
4 0.16718750000000002 0.27421875 0.040625 0.06406250000000001
3 0.10859375 0.2671875 0.0546875 0.040625
2 0.3125 0.71484375 0.05625 0.045312500000000006
2 0.5359375000000001 0.55078125 0.059375000000000004 0.045312500000000006
4 0.30234375 0.5953125 0.0578125 0.0625
5 0.55 0.384375 0.037500000000000006 0.059375000000000004
