0 0.3046875 0.5828125000000001 0.046875 0.046875
1 0.31953125000000004 0.23359375000000002 0.0734375 0.051562500000000004
2 0.246875 0.340625 0.05625 0.043750000000000004
2 0.21953125 0.5 0.0484375 0.05
5 0.57421875 0.65390625 0.051562500000000004 0.0421875
4 0.64765625 0.82578125 0.0421875 0.0484375
3 0.30625 0.6703125000000001 0.05625 0.059375000000000004
1 0.12812500000000002 0.55078125 0.07500000000000001 0.051562500000000004
0 0.6703125000000001 0.5007812500000001 0.059375000000000004 0.0390625
4 0.88984375 0.7429687500000001 0.0484375 0.0546875
