0 0.18281250000000002 0.753125 0.05 0.053125000000000006
0 0.50390625 0.40703125 0.09531250000000001 0.0484375
1 0.51328125 0.6203125 0.0421875 0.0625
1 0.5453125 0.34765625 0.09062500000000001 0.045312500000000006
2 0.0546875 0.1484375 0.053125000000000006 0.0625
2 0.24453125 0.6359375 0.0484375 0.040625
3 0.38906250000000003 0.29609375 0.040625 0.051562500000000004
3 0.7703125000000001 0.33671875 0.05 0.051562500000000004
3 0.9484375 0.39765625000000004 0.046875 0.0390625
5 0.31484375000000003 0.1421875 0.0484375 0.040625
