1 0.35703125 0.42812500000000003 0.06406250000000001 0.040625
3 0.540625 0.52890625 0.046875 0.0390625
3 0.68515625 0.353125 0.051562500000000004 0.046875
4 0.07968750000000001 0.39296875000000003 0.053125000000000006 0.0859375
5 0.7351562500000001 0.48671875000000003 0.0484375 0.0421875
3 0.2703125 0.19843750000000002 0.053125000000000006 0.040625
2 0.36171875000000003 0.09765625 0.051562500000000004 0.0390625
1 0.6882812500000001 0.19843750000000002 0.045312500000000006 0.05
1 0.4546875 0.7562500000000001 0.05 0.040625
4 0.853125 0.40859375000000003 0.0625 0.045312500000000006
