0 0.27968750000000003 0.21171875 0.043750000000000004 0.0578125
0 0.7093750000000001 0.09921875000000001 0.040625 0.0546875
1 0.24609375 0.078125 0.0671875 0.065625
1 0.2265625 0.44609375 0.040625 0.0671875
2 0.62109375 0.19921875 0.0578125 0.0546875
2 0.73828125 0.27734375 0.0546875 0.0421875
3 0.31640625 0.17421875 0.051562500000000004 0.0390625
3 0.65625 0.12890625 0.05 0.0390625
4 0.38906250000000003 0.30078125 0.05625 0.0390625
4 0.4140625 0.421875 0.0625 0.037500000000000006
5 0.571875 0.24140625000000002 0.059375000000000004 0.0484375
5 0.060937500000000006 0.08359375000000001 0.040625 0.0421875
