0 0.41171875 0.18984375 0.0421875 0.0546875
0 0.7835937500000001 0.52890625 0.0546875 0.0484375
1 0.88203125 0.64453125 0.0578125 0.051562500000000004
1 0.59765625 0.07109375 0.0734375 0.0546875
2 0.11015625000000001 0.14375000000000002 0.051562500000000004 0.037500000000000006
2 0.37109375 0.12734375 0.0390625 0.051562500000000004
3 0.27968750000000003 0.07500000000000001 0.05625 0.037500000000000006
3 0.8953125000000001 0.26796875000000003 0.037500000000000006 0.0484375
4 0.17500000000000002 0.36015625 0.046875 0.045312500000000006
4 0.6859375000000001 0.4609375 0.053125000000000006 0.040625
5 0.49843750000000003 0.30390625000000004 0.043750000000000004 0.0390625
5 0.11171875 0.29375 0.045312500000000006 0.040625
