0 0.32656250000000003 0.79453125 0.05625 0.045312500000000006
0 0.63671875 0.48750000000000004 0.0671875 0.05
0 0.2625 0.25703125 0.043750000000000004 0.051562500000000004
0 0.57578125 0.19609375 0.0671875 0.045312500000000006
2 0.4296875 0.32890625 0.05625 0.035937500000000004
4 0.640625 0.521875 0.053125000000000006 0.05
4 0.8148437500000001 0.0734375 0.060937500000000006 0.053125000000000006
5 0.45625000000000004 0.6796875 0.05 0.05
3 0.28984375 0.5906250000000001 0.045312500000000006 0.043750000000000004
2 0.21171875 0.41484375 0.0484375 0.0421875
