0 0.20390625 0.47187500000000004 0.0390625 0.059375000000000004
0 0.6390625000000001 0.7234375000000001 0.06875 0.043750000000000004
1 0.09531250000000001 0.41640625000000003 0.037500000000000006 0.0734375
1 0.52109375 0.5765625 0.0921875 0.065625
2 0.1015625 0.7953125000000001 0.053125000000000006 0.040625
3 0.5203125000000001 0.16640625 0.037500000000000006 0.0484375
3 0.3359375 0.5546875 0.043750000000000004 0.046875
5 0.40156250000000004 0.23828125 0.043750000000000004 0.0390625
5 0.675 0.6265625 0.046875 0.037500000000000006
4 0.8031250000000001 0.11484375000000001 0.05 0.0390625
4 0.42265625 0.5710937500000001 0.045312500000000006 0.0390625
2 0.8953125000000001 0.7125 0.05625 0.037500000000000006
