0 0.03671875 0.828125 0.060937500000000006 0.040625
0 0.940625 0.6484375 0.078125 0.037500000000000006
1 0.09921875000000001 0.91796875 0.0390625 0.045312500000000006
2 0.6296875000000001 0.1203125 0.043750000000000004 0.040625
2 0.4421875 0.27109375 0.046875 0.0390625
3 0.83203125 0.30859375 0.045312500000000006 0.0578125
3 0.9734375000000001 0.58125 0.040625 0.05
4 0.5632812500000001 0.38593750000000004 0.045312500000000006 0.040625
4 0.11875000000000001 0.12421875 0.040625 0.051562500000000004
5 0.8210937500000001 0.06406250000000001 0.045312500000000006 0.040625
5 0.1046875 0.946875 0.043750000000000004 0.037500000000000006
