0 0.6468750000000001 0.3828125 0.053125000000000006 0.046875
0 0.7406250000000001 0.4765625 0.07500000000000001 0.046875
1 0.13515625 0.1375 0.0578125 0.05
1 0.734375 0.1375 0.040625 0.084375
2 0.34140625 0.13046875 0.051562500000000004 0.0421875
2 0.8539062500000001 0.8109375000000001 0.0546875 0.0625
3 0.278125 0.134375 0.043750000000000004 0.037500000000000006
3 0.28984375 0.40156250000000004 0.051562500000000004 0.040625
4 0.16640625 0.525 0.0546875 0.043750000000000004
4 0.4 0.13125 0.046875 0.040625
5 0.55703125 0.153125 0.045312500000000006 0.043750000000000004
5 0.31328125 0.0625 0.0484375 0.037500000000000006
