0 0.11406250000000001 0.6664062500000001 0.06875 0.060937500000000006
0 0.23359375000000002 0.921875 0.045312500000000006 0.09062500000000001
2 0.87109375 0.17500000000000002 0.045312500000000006 0.040625
2 0.041406250000000006 0.5890625 0.0546875 0.043750000000000004
4 0.2515625 0.35625 0.05 0.037500000000000006
4 0.06796875000000001 0.62421875 0.0484375 0.0390625
3 0.032031250000000004 0.6578125 0.0546875 0.040625
3 0.5078125 0.078125 0.05 0.043750000000000004
5 0.8515625 0.46640625 0.040625 0.0421875
5 0.11796875000000001 0.6296875000000001 0.0390625 0.043750000000000004
