0 0.2015625 0.17343750000000002 0.06875 0.037500000000000006
0 0.07421875 0.078125 0.0546875 0.06875
1 0.371875 0.446875 0.046875 0.037500000000000006
1 0.56953125 0.09765625 0.0578125 0.0546875
2 0.23203125000000002 0.38906250000000003 0.0390625 0.040625
2 0.13671875 0.7859375000000001 0.0484375 0.05
3 0.6828125 0.225 0.040625 0.046875
3 0.7296875 0.3328125 0.046875 0.040625
4 0.29296875 0.3484375 0.0390625 0.05
4 0.35703125 0.55 0.045312500000000006 0.040625
5 0.45234375000000004 0.39296875000000003 0.0390625 0.0546875
5 0.49140625000000004 0.284375 0.0578125 0.040625
