0 0.24531250000000002 0.42578125 0.059375000000000004 0.0546875
2 0.37031250000000004 0.45546875000000003 0.05625 0.045312500000000006
2 0.56796875 0.49453125000000003 0.0546875 0.0421875
4 0.24296875 0.07265625 0.06406250000000001 0.051562500000000004
5 0.6507812500000001 0.33437500000000003 0.06406250000000001 0.040625
4 0.57734375 0.2421875 0.0703125 0.05
2 0.49843750000000003 0.796875 0.05625 0.053125000000000006
0 0.1640625 0.78515625 0.05625 0.0421875
1 0.26875 0.8445312500000001 0.05625 0.0421875
1 0.26640625 0.69921875 0.0546875 0.0765625
1 0.1 0.20859375000000002 0.065625 0.0578125
