0 0.16953125000000002 0.084375 0.06406250000000001 0.0625
0 0.90390625 0.09843750000000001 0.051562500000000004 0.046875
1 0.85703125 0.08515625 0.07968750000000001 0.0546875
1 0.0765625 0.265625 0.07500000000000001 0.046875
2 0.9500000000000001 0.52109375 0.05 0.0390625
2 0.13046875 0.5265625 0.0421875 0.05625
3 0.0328125 0.1609375 0.05 0.037500000000000006
3 0.2515625 0.0328125 0.053125000000000006 0.037500000000000006
4 0.35078125000000004 0.2859375 0.0421875 0.037500000000000006
4 0.86640625 0.5554687500000001 0.045312500000000006 0.0390625
5 0.57265625 0.7265625 0.045312500000000006 0.046875
5 0.8109375000000001 0.6156250000000001 0.043750000000000004 0.037500000000000006
