0 0.15546875000000002 0.6257812500000001 0.0484375 0.0421875
0 0.45625000000000004 0.6273437500000001 0.05625 0.045312500000000006
1 0.47421875 0.5203125000000001 0.060937500000000006 0.043750000000000004
1 0.47890625000000003 0.2 0.0421875 0.05
3 0.42578125 0.41171875 0.0546875 0.0421875
3 0.54140625 0.8734375000000001 0.06406250000000001 0.046875
5 0.5007812500000001 0.6570312500000001 0.051562500000000004 0.0390625
1 0.32890625 0.52734375 0.0734375 0.0390625
1 0.70234375 0.09843750000000001 0.07968750000000001 0.040625
4 0.69921875 0.24531250000000002 0.051562500000000004 0.053125000000000006
