0 0.28359375000000003 0.6664062500000001 0.0421875 0.051562500000000004
0 0.09609375 0.265625 0.045312500000000006 0.040625
0 0.16562500000000002 0.1125 0.06875 0.043750000000000004
1 0.0921875 0.18828125 0.043750000000000004 0.0578125
1 0.08281250000000001 0.11015625000000001 0.05 0.06406250000000001
2 0.7781250000000001 0.71640625 0.046875 0.045312500000000006
2 0.88984375 0.7109375 0.060937500000000006 0.040625
3 0.37890625 0.171875 0.045312500000000006 0.046875
4 0.53671875 0.45 0.0421875 0.05
5 0.7484375000000001 0.35000000000000003 0.046875 0.040625
