0 0.66015625 0.74609375 0.060937500000000006 0.06406250000000001
0 0.08671875000000001 0.74375 0.0578125 0.05625
0 0.73359375 0.4453125 0.045312500000000006 0.07187500000000001
1 0.3453125 0.22187500000000002 0.084375 0.043750000000000004
3 0.12265625000000001 0.296875 0.051562500000000004 0.040625
5 0.8890625000000001 0.18125000000000002 0.05 0.043750000000000004
4 0.7523437500000001 0.33125000000000004 0.0546875 0.046875
0 0.515625 0.8734375000000001 0.05 0.046875
0 0.87109375 0.9421875000000001 0.0546875 0.043750000000000004
1 0.0734375 0.6703125000000001 0.05625 0.040625
