0 0.14921875 0.66796875 0.0484375 0.051562500000000004
0 0.7203125 0.56015625 0.065625 0.045312500000000006
1 0.853125 0.51953125 0.08750000000000001 0.051562500000000004
1 0.56796875 0.5593750000000001 0.07968750000000001 0.053125000000000006
2 0.08281250000000001 0.6234375000000001 0.043750000000000004 0.05625
2 0.9203125000000001 0.5484375 0.059375000000000004 0.053125000000000006
3 0.41484375 0.32890625 0.0578125 0.051562500000000004
3 0.51796875 0.39140625 0.051562500000000004 0.0390625
4 0.56875 0.1625 0.05 0.05625
5 0.041406250000000006 0.6375000000000001 0.045312500000000006 0.046875
