0 0.51328125 0.45 0.0578125 0.046875
1 0.36562500000000003 0.50234375 0.096875 0.0421875
3 0.45234375000000004 0.51171875 0.0484375 0.0484375
2 0.27734375 0.8406250000000001 0.0484375 0.040625
2 0.66015625 0.30000000000000004 0.0484375 0.043750000000000004
3 0.134375 0.3609375 0.046875 0.053125000000000006
4 0.5789062500000001 0.84296875 0.051562500000000004 0.045312500000000006
5 0.84375 0.3125 0.043750000000000004 0.043750000000000004
0 0.12578125 0.5515625000000001 0.051562500000000004 0.05625
1 0.23671875 0.19921875 0.0484375 0.0546875
