2 0.6875 0.7507812500000001 0.046875 0.0390625
1 0.6531250000000001 0.48046875 0.115625 0.045312500000000006
2 0.45703125 0.48671875000000003 0.0484375 0.0390625
2 0.28671875 0.34921875 0.0390625 0.0421875
3 0.29921875000000003 0.21484375 0.045312500000000006 0.0421875
3 0.7296875 0.23671875 0.053125000000000006 0.0390625
4 0.89765625 0.49765625 0.051562500000000004 0.0484375
5 0.7265625 0.48750000000000004 0.040625 0.05
0 0.33203125 0.2921875 0.0546875 0.05
1 0.45859375 0.72578125 0.09531250000000001 0.0859375
