0 0.45390625 0.34375 0.051562500000000004 0.043750000000000004
1 0.4109375 0.46640625 0.1125 0.0421875
2 0.18984375 0.61640625 0.0546875 0.0421875
3 0.09765625 0.39765625000000004 0.060937500000000006 0.0421875
4 0.40234375 0.6804687500000001 0.051562500000000004 0.0546875
5 0.13359375 0.7742187500000001 0.0546875 0.0484375
0 0.846875 0.52109375 0.053125000000000006 0.0578125
1 0.6492187500000001 0.52265625 0.0484375 0.07968750000000001
0 0.8187500000000001 0.39296875000000003 0.065625 0.0421875
0 0.3171875 0.6960937500000001 0.046875 0.0734375
