0 0.13593750000000002 0.40078125000000003 0.046875 0.0484375
0 0.290625 0.32109375 0.046875 0.060937500000000006
1 0.2421875 0.26015625000000003 0.0625 0.0390625
1 0.18046875 0.50625 0.0578125 0.059375000000000004
1 0.70625 0.63046875 0.046875 0.0859375
2 0.7210937500000001 0.5554687500000001 0.0578125 0.0546875
2 0.72578125 0.03671875 0.0421875 0.051562500000000004
3 0.8851562500000001 0.33828125000000003 0.0484375 0.0484375
3 0.50234375 0.26875 0.0546875 0.06875
4 0.7250000000000001 0.32343750000000004 0.043750000000000004 0.053125000000000006
5 0.03671875 0.31484375000000003 0.045312500000000006 0.0484375
