0 0.1546875 0.1953125 0.05625 0.05625
1 0.27890625 0.26953125 0.0421875 0.0578125
2 0.23046875 0.1859375 0.0484375 0.043750000000000004
3 0.6390625000000001 0.18046875 0.053125000000000006 0.0421875
4 0.19687500000000002 0.22265625 0.05 0.0484375
5 0.18281250000000002 0.12265625000000001 0.043750000000000004 0.0484375
4 0.76953125 0.22890625 0.045312500000000006 0.045312500000000006
3 0.8609375 0.21484375 0.05 0.045312500000000006
2 0.46015625000000004 0.153125 0.0484375 0.040625
0 0.671875 0.2890625 0.053125000000000006 0.05625
