0 0.665625 0.58203125 0.043750000000000004 0.06406250000000001
0 0.3046875 0.7609375 0.06875 0.053125000000000006
0 0.48125 0.90546875 0.05 0.060937500000000006
1 0.6828125 0.70859375 0.043750000000000004 0.07968750000000001
1 0.8859375 0.90234375 0.043750000000000004 0.09531250000000001
2 0.37890625 0.9109375000000001 0.0390625 0.053125000000000006
0 0.48281250000000003 0.7125 0.05 0.065625
2 0.7406250000000001 0.9703125 0.05625 0.05625
3 0.7765625 0.7507812500000001 0.05 0.0484375
3 0.30546875 0.8484375000000001 0.045312500000000006 0.05
3 0.8890625000000001 0.6898437500000001 0.043750000000000004 0.0671875
4 0.8187500000000001 0.63046875 0.040625 0.051562500000000004
4 0.51171875 0.72265625 0.045312500000000006 0.0421875
5 0.534375 0.7671875 0.0625 0.037500000000000006
5 0.73203125 0.7640625000000001 0.0578125 0.034375
