0 0.15390625000000002 0.6078125000000001 0.051562500000000004 0.040625
0 0.184375 0.21953125 0.053125000000000006 0.0734375
2 0.9187500000000001 0.371875 0.05 0.05
4 0.828125 0.8679687500000001 0.053125000000000006 0.060937500000000006
5 0.9242187500000001 0.2546875 0.0484375 0.043750000000000004
3 0.43281250000000004 0.57421875 0.053125000000000006 0.045312500000000006
3 0.1703125 0.2984375 0.05625 0.043750000000000004
0 0.05390625 0.5375 0.0546875 0.043750000000000004
1 0.20468750000000002 0.140625 0.06875 0.040625
1 0.49609375 0.23828125 0.0890625 0.0671875
