0 0.48828125 0.43359375 0.051562500000000004 0.0484375
1 0.6046875 0.56953125 0.084375 0.0421875
2 0.1453125 0.4296875 0.05 0.040625
3 0.2328125 0.11796875000000001 0.05 0.045312500000000006
4 0.8609375 0.9554687500000001 0.053125000000000006 0.0546875
4 0.7984375 0.1 0.046875 0.046875
5 0.65390625 0.17343750000000002 0.045312500000000006 0.040625
2 0.8250000000000001 0.61484375 0.043750000000000004 0.045312500000000006
2 0.28203125 0.87890625 0.045312500000000006 0.0421875
0 0.78125 0.55390625 0.05 0.0421875
3 0.19843750000000002 0.49765625 0.046875 0.0421875
