0 0.35625 0.20703125 0.05 0.045312500000000006
1 0.5593750000000001 0.13046875 0.040625 0.0703125
2 0.72578125 0.12890625 0.045312500000000006 0.035937500000000004
3 0.64609375 0.17500000000000002 0.0484375 0.053125000000000006
5 0.421875 0.12812500000000002 0.043750000000000004 0.037500000000000006
5 0.7367187500000001 0.039843750000000004 0.0390625 0.0546875
0 0.11953125 0.25234375000000003 0.051562500000000004 0.051562500000000004
1 0.25 0.12265625000000001 0.07187500000000001 0.0421875
0 0.6843750000000001 0.278125 0.053125000000000006 0.05
1 0.87421875 0.2484375 0.045312500000000006 0.09062500000000001
