0 0.33671875 0.57578125 0.051562500000000004 0.045312500000000006
1 0.2984375 0.571875 0.043750000000000004 0.08125
3 0.6976562500000001 0.6820312500000001 0.0484375 0.0421875
5 0.14296875 0.47421875 0.045312500000000006 0.0421875
4 0.371875 0.43046875 0.05 0.0484375
3 0.46640625 0.06406250000000001 0.051562500000000004 0.043750000000000004
4 0.278125 0.30234375 0.053125000000000006 0.0484375
5 0.92890625 0.5921875 0.0421875 0.043750000000000004
2 0.92578125 0.28515625 0.045312500000000006 0.0390625
2 0.08046875 0.7195312500000001 0.0484375 0.0390625
