0 0.34140625 0.496875 0.0578125 0.05
1 0.5906250000000001 0.584375 0.046875 0.053125000000000006
2 0.51796875 0.5390625 0.0546875 0.043750000000000004
3 0.17578125 0.52890625 0.051562500000000004 0.0484375
4 0.2625 0.65390625 0.046875 0.051562500000000004
1 0.32421875 0.70078125 0.0390625 0.07968750000000001
5 0.5765625 0.94296875 0.043750000000000004 0.045312500000000006
4 0.6765625000000001 0.6648437500000001 0.040625 0.0484375
3 0.35859375000000004 0.60703125 0.0421875 0.051562500000000004
0 0.28671875 0.565625 0.060937500000000006 0.07187500000000001
1 0.6507812500000001 0.5476562500000001 0.0390625 0.06406250000000001
