0 0.09843750000000001 0.50703125 0.05 0.0546875
0 0.5867187500000001 0.6257812500000001 0.051562500000000004 0.051562500000000004
1 0.6726562500000001 0.34921875 0.08281250000000001 0.045312500000000006
1 0.16562500000000002 0.215625 0.059375000000000004 0.05
2 0.44921875 0.060937500000000006 0.051562500000000004 0.040625
2 0.11093750000000001 0.40859375000000003 0.046875 0.045312500000000006
4 0.5546875 0.5 0.05 0.065625
5 0.41640625000000003 0.24375000000000002 0.0421875 0.043750000000000004
1 0.08046875 0.05078125 0.0578125 0.060937500000000006
2 0.09375 0.66015625 0.046875 0.0421875
