0 0.28984375 0.2765625 0.0890625 0.037500000000000006
0 0.2609375 0.4578125 0.065625 0.0625
1 0.5632812500000001 0.43125 0.08281250000000001 0.034375
1 0.54453125 0.7718750000000001 0.0703125 0.109375
2 0.7992187500000001 0.5875 0.0421875 0.059375000000000004
2 0.98203125 0.35234375 0.0328125 0.0671875
3 0.5796875 0.38125000000000003 0.053125000000000006 0.046875
3 0.5046875000000001 0.07578125000000001 0.0625 0.0546875
5 0.45156250000000003 0.030468750000000003 0.040625 0.0390625
4 0.1265625 0.4234375 0.043750000000000004 0.043750000000000004
