0 0.19296875000000002 0.2859375 0.051562500000000004 0.059375000000000004
2 0.1859375 0.56953125 0.053125000000000006 0.045312500000000006
2 0.44375000000000003 0.4609375 0.0625 0.0625
3 0.6453125000000001 0.5421875 0.05625 0.05625
5 0.38828125 0.62890625 0.08281250000000001 0.0859375
4 0.61484375 0.328125 0.0671875 0.084375
5 0.17265625 0.8078125 0.0546875 0.040625
1 0.68671875 0.8539062500000001 0.0703125 0.0546875
4 0.415625 0.22734375 0.07500000000000001 0.060937500000000006
5 0.8835937500000001 0.89765625 0.0546875 0.051562500000000004
