0 0.6000000000000001 0.045312500000000006 0.059375000000000004 0.0625
0 0.62890625 0.02421875 0.0703125 0.0484375
0 0.7367187500000001 0.43984375000000003 0.0765625 0.0765625
0 0.91953125 0.43203125000000003 0.0546875 0.0390625
1 0.96640625 0.4421875 0.051562500000000004 0.046875
1 0.8679687500000001 0.20859375000000002 0.0421875 0.0890625
1 0.75546875 0.6335937500000001 0.0390625 0.1015625
2 0.6734375 0.78828125 0.05 0.0578125
3 0.44921875 0.478125 0.051562500000000004 0.065625
5 0.27578125000000003 0.49375 0.051562500000000004 0.05625
4 0.078125 0.50546875 0.053125000000000006 0.0734375
1 0.87421875 0.978125 0.06406250000000001 0.040625
0 0.578125 0.70859375 0.046875 0.0671875
