1 0.28984375 0.53671875 0.0546875 0.051562500000000004
2 0.14765625000000002 0.58125 0.0859375 0.040625
3 0.46718750000000003 0.6492187500000001 0.046875 0.0421875
3 0.6726562500000001 0.47890625000000003 0.045312500000000006 0.0546875
3 0.35468750000000004 0.49062500000000003 0.065625 0.053125000000000006
6 0.23046875 0.31875000000000003 0.0671875 0.059375000000000004
4 0.35390625000000003 0.309375 0.0671875 0.053125000000000006
3 0.5328125 0.5875 0.043750000000000004 0.043750000000000004
5 0.6125 0.23203125000000002 0.059375000000000004 0.0546875
3 0.7039062500000001 0.2984375 0.0546875 0.043750000000000004
