1 0.1546875 0.21171875 0.05625 0.060937500000000006
2 0.21015625000000002 0.33828125000000003 0.0484375 0.0578125
4 0.29531250000000003 0.36562500000000003 0.05 0.046875
4 0.465625 0.44453125000000004 0.05 0.051562500000000004
5 0.39921875 0.73203125 0.0546875 0.0484375
3 0.44375000000000003 0.5593750000000001 0.05 0.05
2 0.28046875 0.43359375 0.0421875 0.060937500000000006
2 0.8054687500000001 0.1546875 0.0421875 0.08750000000000001
6 0.415625 0.20625000000000002 0.053125000000000006 0.040625
5 0.51484375 0.28203125 0.051562500000000004 0.051562500000000004
1 0.6570312500000001 0.41953125 0.0546875 0.0484375
