1 0.6351562500000001 0.6359375 0.09843750000000001 0.06875
2 0.6882812500000001 0.31875000000000003 0.1015625 0.043750000000000004
3 0.61875 0.40546875000000004 0.053125000000000006 0.0421875
6 0.56875 0.92109375 0.0625 0.0484375
5 0.23828125 0.32421875 0.0546875 0.0703125
5 0.3640625 0.58828125 0.05 0.0578125
4 0.11015625000000001 0.7109375 0.0671875 0.040625
2 0.19453125000000002 0.7796875000000001 0.07968750000000001 0.05625
3 0.10859375 0.78515625 0.060937500000000006 0.0421875
1 0.6585937500000001 0.21796875000000002 0.0921875 0.0703125
