1 0.27890625 0.51015625 0.0671875 0.0390625
2 0.24453125 0.19375 0.0390625 0.065625
4 0.5328125 0.20234375000000002 0.046875 0.0484375
3 0.1390625 0.253125 0.053125000000000006 0.053125000000000006
5 0.40625 0.38828125 0.043750000000000004 0.0546875
6 0.33984375 0.6531250000000001 0.06406250000000001 0.05
3 0.43515625 0.5281250000000001 0.0578125 0.040625
3 0.50546875 0.45625000000000004 0.0578125 0.043750000000000004
2 0.5632812500000001 0.65625 0.0921875 0.037500000000000006
5 0.51875 0.325 0.05 0.046875
