1 0.30781250000000004 0.15000000000000002 0.053125000000000006 0.059375000000000004
1 0.057031250000000006 0.3015625 0.0734375 0.046875
2 0.30859375 0.23125 0.0546875 0.037500000000000006
2 0.36875 0.478125 0.07187500000000001 0.053125000000000006
3 0.359375 0.7359375 0.05 0.046875
3 0.8250000000000001 0.16484375 0.053125000000000006 0.0390625
4 0.12578125 0.22421875000000002 0.0484375 0.045312500000000006
4 0.04296875 0.0921875 0.051562500000000004 0.037500000000000006
5 0.09921875000000001 0.45859375 0.045312500000000006 0.045312500000000006
5 0.48828125 0.3203125 0.0421875 0.046875
6 0.85546875 0.40625 0.0390625 0.037500000000000006
6 0.4375 0.0328125 0.046875 0.037500000000000006
