1 0.49765625 0.44453125000000004 0.0734375 0.0484375
3 0.31093750000000003 0.42421875000000003 0.043750000000000004 0.0421875
5 0.17421875 0.28046875 0.0484375 0.0421875
6 0.45703125 0.57578125 0.0421875 0.0390625
1 0.3640625 0.6375000000000001 0.06875 0.053125000000000006
5 0.1203125 0.45546875000000003 0.043750000000000004 0.0484375
4 0.7203125 0.45625000000000004 0.0625 0.043750000000000004
6 0.63046875 0.20859375000000002 0.051562500000000004 0.0390625
2 0.7976562500000001 0.8132812500000001 0.0859375 0.0421875
4 0.7265625 0.9546875 0.040625 0.043750000000000004
