1 0.35703125 0.09609375 0.0578125 0.045312500000000006
1 0.21640625000000002 0.7406250000000001 0.051562500000000004 0.053125000000000006
2 0.19609375 0.09609375 0.0421875 0.0578125
2 0.065625 0.26171875 0.07500000000000001 0.0390625
3 0.6039062500000001 0.9171875 0.06406250000000001 0.05625
3 0.6515625 0.27265625 0.053125000000000006 0.0484375
5 0.8125 0.24375000000000002 0.040625 0.046875
5 0.13359375 0.2109375 0.045312500000000006 0.037500000000000006
6 0.64765625 0.35390625000000003 0.0484375 0.0390625
6 0.96875 0.16328125000000002 0.040625 0.0484375
4 0.30781250000000004 0.13125 0.046875 0.043750000000000004
4 0.95078125 0.43203125000000003 0.051562500000000004 0.051562500000000004
