1 0.16796875 0.48125 0.060937500000000006 0.043750000000000004
1 0.41484375 0.33984375 0.0546875 0.0546875
3 0.571875 0.25703125 0.059375000000000004 0.0546875
3 0.18203125 0.6578125 0.0484375 0.040625
6 0.44140625 0.6375000000000001 0.0546875 0.0625
3 0.57265625 0.34765625 0.051562500000000004 0.0421875
4 0.6687500000000001 0.30000000000000004 0.05 0.046875
6 0.74765625 0.43593750000000003 0.06406250000000001 0.05625
1 0.7859375000000001 0.19609375 0.0625 0.045312500000000006
2 0.12421875 0.8171875000000001 0.07968750000000001 0.043750000000000004
