3 0.41718750000000004 0.37578125 0.059375000000000004 0.0578125
3 0.3203125 0.22265625 0.040625 0.045312500000000006
3 0.18125000000000002 0.728125 0.043750000000000004 0.037500000000000006
3 0.07578125000000001 0.9281250000000001 0.0484375 0.05
4 0.71875 0.37265625 0.040625 0.045312500000000006
4 0.66328125 0.509375 0.051562500000000004 0.05
4 0.296875 0.178125 0.037500000000000006 0.05
4 0.34218750000000003 0.6195312500000001 0.053125000000000006 0.0421875
6 0.8054687500000001 0.8210937500000001 0.0484375 0.0390625
6 0.2890625 0.2 0.037500000000000006 0.037500000000000006
