1 0.178125 0.3015625 0.05 0.053125000000000006
1 0.4109375 0.23750000000000002 0.037500000000000006 0.05
2 0.53828125 0.2 0.051562500000000004 0.053125000000000006
2 0.11093750000000001 0.19609375 0.037500000000000006 0.0578125
2 0.6296875000000001 0.290625 0.046875 0.0625
3 0.6765625000000001 0.4140625 0.05625 0.037500000000000006
3 0.43671875000000004 0.4734375 0.0484375 0.040625
3 0.5515625000000001 0.10234375000000001 0.05 0.045312500000000006
5 0.225 0.08046875 0.05 0.0421875
5 0.62265625 0.5421875 0.0390625 0.05
6 0.61328125 0.4234375 0.045312500000000006 0.046875
6 0.7039062500000001 0.22187500000000002 0.0484375 0.05625
