1 0.7671875 0.540625 0.059375000000000004 0.040625
1 0.7468750000000001 0.7265625 0.05 0.040625
1 0.9750000000000001 0.7734375 0.046875 0.05
2 0.74375 0.6265625 0.05625 0.046875
2 0.6296875000000001 0.7796875000000001 0.08125 0.040625
3 0.06328125 0.6203125 0.0546875 0.037500000000000006
3 0.353125 0.9281250000000001 0.053125000000000006 0.043750000000000004
4 0.8296875 0.46406250000000004 0.053125000000000006 0.053125000000000006
4 0.81171875 0.64609375 0.0484375 0.051562500000000004
5 0.4921875 0.27265625 0.043750000000000004 0.0390625
5 0.8625 0.9484375 0.046875 0.037500000000000006
6 0.52890625 0.45703125 0.0421875 0.0390625
6 0.20859375000000002 0.09921875000000001 0.0421875 0.045312500000000006
