1 0.48750000000000004 0.23203125000000002 0.053125000000000006 0.0390625
1 0.41328125000000004 0.41171875 0.0546875 0.0546875
2 0.55625 0.61875 0.037500000000000006 0.053125000000000006
2 0.8343750000000001 0.24921875000000002 0.05625 0.045312500000000006
3 0.29531250000000003 0.34218750000000003 0.043750000000000004 0.037500000000000006
3 0.36875 0.1640625 0.05625 0.037500000000000006
4 0.1625 0.17500000000000002 0.040625 0.05
4 0.62265625 0.171875 0.0484375 0.037500000000000006
5 0.37890625 0.08046875 0.045312500000000006 0.0390625
5 0.15859375 0.509375 0.0390625 0.046875
6 0.5710937500000001 0.82578125 0.045312500000000006 0.051562500000000004
6 0.53671875 0.0578125 0.0421875 0.040625
