1 0.7453125 0.41953125 0.0625 0.0421875
4 0.48125 0.4296875 0.053125000000000006 0.040625
6 0.2015625 0.26640625 0.040625 0.0578125
5 0.12265625000000001 0.4703125 0.045312500000000006 0.06875
3 0.2328125 0.46718750000000003 0.053125000000000006 0.040625
3 0.83203125 0.7171875000000001 0.051562500000000004 0.040625
2 0.57734375 0.44921875 0.0546875 0.0390625
3 0.41796875 0.15156250000000002 0.0578125 0.040625
2 0.265625 0.13203125000000002 0.08125 0.0390625
2 0.9546875 0.5390625 0.07500000000000001 0.059375000000000004
