1 0.09921875000000001 0.7601562500000001 0.060937500000000006 0.045312500000000006
1 0.057031250000000006 0.9421875000000001 0.0421875 0.05625
2 0.11015625000000001 0.08281250000000001 0.0546875 0.040625
2 0.10390625 0.47500000000000003 0.06406250000000001 0.037500000000000006
3 0.43359375 0.49921875000000004 0.051562500000000004 0.0421875
3 0.81171875 0.24531250000000002 0.045312500000000006 0.046875
5 0.6976562500000001 0.22734375 0.045312500000000006 0.0390625
5 0.07500000000000001 0.3203125 0.05 0.040625
6 0.31953125000000004 0.15859375 0.045312500000000006 0.0421875
6 0.06406250000000001 0.1875 0.043750000000000004 0.043750000000000004
4 0.10234375000000001 0.11875000000000001 0.045312500000000006 0.037500000000000006
4 0.0390625 0.07421875 0.05 0.0390625
