1 0.41171875 0.76484375 0.06406250000000001 0.0390625
1 0.72265625 0.625 0.051562500000000004 0.05625
2 0.37109375 0.71484375 0.08281250000000001 0.0484375
3 0.55234375 0.6921875000000001 0.06406250000000001 0.0625
4 0.465625 0.5953125 0.065625 0.046875
4 0.2984375 0.51171875 0.05625 0.0546875
5 0.521875 0.5171875 0.065625 0.043750000000000004
6 0.07109375 0.34218750000000003 0.045312500000000006 0.059375000000000004
4 0.18671875000000002 0.56875 0.0546875 0.040625
3 0.38984375000000004 0.46171875 0.0703125 0.0390625
