1 0.24921875000000002 0.61484375 0.0546875 0.06406250000000001
1 0.68515625 0.63046875 0.0765625 0.0546875
2 0.4375 0.62109375 0.07187500000000001 0.0546875
3 0.15000000000000002 0.46328125000000003 0.053125000000000006 0.045312500000000006
5 0.19687500000000002 0.40156250000000004 0.08750000000000001 0.07187500000000001
6 0.33437500000000003 0.30625 0.05 0.05
5 0.46328125000000003 0.46718750000000003 0.051562500000000004 0.05
4 0.309375 0.54140625 0.053125000000000006 0.051562500000000004
2 0.76484375 0.73046875 0.0703125 0.0921875
2 0.5640625 0.38203125000000004 0.09375 0.0546875
