1 0.57734375 0.18671875000000002 0.045312500000000006 0.0484375
1 0.2859375 0.32734375000000004 0.05 0.0703125
2 0.10390625 0.5828125000000001 0.06406250000000001 0.043750000000000004
2 0.27421875 0.6062500000000001 0.0390625 0.08125
3 0.24140625000000002 0.2390625 0.0484375 0.046875
3 0.45937500000000003 0.27734375 0.037500000000000006 0.0578125
4 0.38671875 0.31953125000000004 0.0484375 0.0484375
4 0.87890625 0.37734375000000003 0.0546875 0.0421875
5 0.7585937500000001 0.6328125 0.045312500000000006 0.040625
6 0.51171875 0.6390625000000001 0.045312500000000006 0.046875
