1 0.18359375 0.12812500000000002 0.045312500000000006 0.043750000000000004
1 0.07500000000000001 0.359375 0.05 0.046875
2 0.5546875 0.60703125 0.05625 0.0421875
2 0.3671875 0.13359375 0.053125000000000006 0.0390625
3 0.27890625 0.9695312500000001 0.0421875 0.0421875
3 0.9171875 0.19609375 0.040625 0.045312500000000006
4 0.6585937500000001 0.38671875 0.045312500000000006 0.045312500000000006
4 0.9015625 0.4421875 0.05 0.040625
5 0.7781250000000001 0.7835937500000001 0.05 0.0484375
6 0.94140625 0.246875 0.0421875 0.040625
1 0.41953125 0.44296875 0.045312500000000006 0.0421875
1 0.15390625000000002 0.80078125 0.0484375 0.045312500000000006
