1 0.25546875 0.3375 0.051562500000000004 0.040625
1 0.8757812500000001 0.1859375 0.060937500000000006 0.053125000000000006
2 0.8109375000000001 0.43359375 0.043750000000000004 0.08281250000000001
2 0.9398437500000001 0.5453125 0.0765625 0.05625
3 0.3921875 0.41718750000000004 0.040625 0.046875
3 0.04296875 0.14140625 0.0578125 0.0546875
4 0.7203125 0.41796875 0.05 0.0484375
4 0.19921875 0.81796875 0.0546875 0.0546875
5 0.20390625 0.628125 0.045312500000000006 0.040625
6 0.041406250000000006 0.35703125 0.0421875 0.0390625
1 0.1046875 0.6640625 0.05 0.053125000000000006
