1 0.65546875 0.25 0.051562500000000004 0.046875
1 0.07109375 0.19609375 0.06406250000000001 0.051562500000000004
1 0.46406250000000004 0.9109375000000001 0.07187500000000001 0.053125000000000006
3 0.73359375 0.7859375000000001 0.0546875 0.043750000000000004
5 0.62109375 0.6414062500000001 0.060937500000000006 0.0578125
4 0.759375 0.36640625000000004 0.065625 0.045312500000000006
4 0.62265625 0.7992187500000001 0.0578125 0.051562500000000004
5 0.04609375 0.2421875 0.0546875 0.05625
2 0.26953125 0.86875 0.1171875 0.043750000000000004
2 0.56015625 0.7156250000000001 0.0546875 0.078125
