1 0.8148437500000001 0.2328125 0.0484375 0.05625
1 0.86328125 0.5710937500000001 0.06406250000000001 0.0390625
2 0.525 0.421875 0.053125000000000006 0.040625
2 0.09453125000000001 0.11015625000000001 0.0484375 0.0890625
2 0.82734375 0.7195312500000001 0.08281250000000001 0.0578125
3 0.33203125 0.634375 0.0578125 0.037500000000000006
3 0.13593750000000002 0.9343750000000001 0.05625 0.040625
4 0.15000000000000002 0.2421875 0.05 0.046875
5 0.27890625 0.46640625 0.045312500000000006 0.0421875
6 0.84765625 0.65625 0.0421875 0.040625
