1 0.484375 0.62890625 0.06875 0.0421875
1 0.7609375 0.13125 0.046875 0.05625
1 0.25390625 0.76328125 0.0578125 0.0578125
2 0.11171875 0.5703125 0.0421875 0.08125
2 0.48125 0.16953125000000002 0.034375 0.0765625
2 0.27734375 0.6468750000000001 0.0578125 0.05625
3 0.26953125 0.30390625000000004 0.051562500000000004 0.045312500000000006
3 0.140625 0.065625 0.043750000000000004 0.043750000000000004
4 0.3984375 0.39453125 0.040625 0.0578125
4 0.1703125 0.6820312500000001 0.046875 0.0703125
5 0.48984375 0.35546875 0.045312500000000006 0.0484375
6 0.55625 0.6781250000000001 0.037500000000000006 0.046875
6 0.20625000000000002 0.06015625 0.037500000000000006 0.0546875
