1 0.86875 0.75 0.043750000000000004 0.05
2 0.15781250000000002 0.6390625000000001 0.1125 0.040625
1 0.38359375 0.45546875000000003 0.051562500000000004 0.06406250000000001
4 0.67578125 0.34296875000000004 0.045312500000000006 0.0484375
4 0.46015625000000004 0.7484375000000001 0.051562500000000004 0.043750000000000004
5 0.5890625 0.56171875 0.059375000000000004 0.06406250000000001
6 0.56953125 0.26171875 0.0546875 0.051562500000000004
4 0.6898437500000001 0.21171875 0.0578125 0.0484375
5 0.8671875 0.434375 0.043750000000000004 0.040625
6 0.20078125000000002 0.1921875 0.0484375 0.043750000000000004
