1 0.37812500000000004 0.34218750000000003 0.05 0.05
2 0.18828125 0.24531250000000002 0.08281250000000001 0.05
3 0.29921875000000003 0.3375 0.051562500000000004 0.037500000000000006
5 0.44140625 0.2765625 0.051562500000000004 0.046875
4 0.25703125 0.27421875 0.0578125 0.045312500000000006
3 0.47968750000000004 0.7562500000000001 0.046875 0.040625
3 0.74140625 0.06875 0.0421875 0.040625
2 0.09765625 0.38359375 0.0578125 0.051562500000000004
4 0.33359375 0.15703125 0.0421875 0.0390625
2 0.1234375 0.17578125 0.05625 0.045312500000000006
