1 0.27578125000000003 0.37343750000000003 0.0546875 0.043750000000000004
2 0.33359375 0.525 0.0734375 0.040625
3 0.11953125 0.4265625 0.0390625 0.037500000000000006
4 0.3328125 0.32578125 0.05625 0.0390625
5 0.16875 0.20546875 0.046875 0.045312500000000006
6 0.32890625 0.11015625000000001 0.0484375 0.0390625
5 0.58046875 0.41328125000000004 0.045312500000000006 0.0421875
3 0.21250000000000002 0.56015625 0.040625 0.0421875
3 0.5164062500000001 0.5593750000000001 0.0390625 0.043750000000000004
1 0.8234375 0.41328125000000004 0.043750000000000004 0.0546875
