1 0.57421875 0.5710937500000001 0.0484375 0.0703125
2 0.49296875 0.34921875 0.0921875 0.0421875
3 0.67109375 0.5593750000000001 0.060937500000000006 0.05
4 0.28359375000000003 0.07265625 0.051562500000000004 0.045312500000000006
3 0.9343750000000001 0.71796875 0.046875 0.0484375
5 0.8484375000000001 0.40390625 0.059375000000000004 0.051562500000000004
6 0.26328125 0.35703125 0.0546875 0.0484375
1 0.21484375 0.6648437500000001 0.0578125 0.0484375
2 0.27578125000000003 0.525 0.07968750000000001 0.10312500000000001
1 0.596875 0.8148437500000001 0.05 0.0484375
