1 0.8343750000000001 0.9476562500000001 0.053125000000000006 0.0484375
2 0.521875 0.84765625 0.06875 0.060937500000000006
1 0.28750000000000003 0.76171875 0.07187500000000001 0.051562500000000004
2 0.48750000000000004 0.81796875 0.07500000000000001 0.0703125
1 0.67734375 0.8 0.0578125 0.05
4 0.815625 0.74765625 0.046875 0.0484375
4 0.6101562500000001 0.7523437500000001 0.045312500000000006 0.0390625
5 0.33203125 0.9187500000000001 0.06406250000000001 0.059375000000000004
3 0.13593750000000002 0.8328125000000001 0.043750000000000004 0.040625
3 0.71796875 0.8375 0.0484375 0.046875
