1 0.44843750000000004 0.42109375000000004 0.053125000000000006 0.0578125
1 0.16562500000000002 0.26875 0.08750000000000001 0.065625
2 0.6328125 0.546875 0.08750000000000001 0.043750000000000004
3 0.7828125 0.7640625000000001 0.043750000000000004 0.043750000000000004
4 0.7757812500000001 0.384375 0.0546875 0.046875
5 0.30312500000000003 0.25390625 0.053125000000000006 0.051562500000000004
6 0.33671875 0.78828125 0.045312500000000006 0.0421875
3 0.67890625 0.48515625 0.0421875 0.0390625
2 0.5953125 0.9281250000000001 0.043750000000000004 0.1
6 0.19140625 0.8171875000000001 0.0484375 0.043750000000000004
