1 0.44453125000000004 0.49765625 0.0484375 0.045312500000000006
1 0.8109375000000001 0.5867187500000001 0.046875 0.0421875
2 0.82578125 0.7671875 0.0578125 0.043750000000000004
3 0.340625 0.80625 0.043750000000000004 0.046875
3 0.35390625000000003 0.27265625 0.051562500000000004 0.0421875
4 0.146875 0.5242187500000001 0.053125000000000006 0.0390625
4 0.59921875 0.5515625000000001 0.051562500000000004 0.043750000000000004
4 0.640625 0.34140625 0.05 0.0484375
5 0.31015625 0.54140625 0.0546875 0.0546875
6 0.08828125 0.325 0.0546875 0.046875
