1 0.28125 0.8078125 0.05 0.059375000000000004
2 0.08671875000000001 0.7734375 0.051562500000000004 0.07187500000000001
3 0.04453125 0.7507812500000001 0.0484375 0.0390625
4 0.15390625000000002 0.8851562500000001 0.0484375 0.045312500000000006
4 0.21484375 0.8890625000000001 0.0421875 0.05
4 0.6109375 0.8835937500000001 0.05 0.045312500000000006
5 0.44609375 0.8445312500000001 0.0484375 0.0578125
6 0.75390625 0.8187500000000001 0.045312500000000006 0.05
3 0.0390625 0.859375 0.05 0.040625
2 0.30312500000000003 0.9320312500000001 0.0625 0.0703125
