1 0.36640625000000004 0.22187500000000002 0.0546875 0.040625
1 0.27109375 0.546875 0.060937500000000006 0.05
2 0.6359375 0.60546875 0.084375 0.0546875
2 0.37343750000000003 0.734375 0.05 0.12187500000000001
3 0.74140625 0.18828125 0.051562500000000004 0.0421875
4 0.56015625 0.325 0.0484375 0.043750000000000004
5 0.15000000000000002 0.7609375 0.05625 0.053125000000000006
6 0.24453125 0.91328125 0.051562500000000004 0.045312500000000006
4 0.628125 0.32656250000000003 0.05 0.046875
1 0.503125 0.50625 0.0625 0.043750000000000004
2 0.88828125 0.73828125 0.0734375 0.0390625
