1 0.68125 0.19609375 0.053125000000000006 0.0546875
2 0.8445312500000001 0.16171875000000002 0.0390625 0.0734375
3 0.90546875 0.503125 0.0421875 0.040625
4 0.44765625000000003 0.54140625 0.051562500000000004 0.0484375
4 0.659375 0.484375 0.053125000000000006 0.043750000000000004
5 0.925 0.45703125 0.046875 0.0421875
5 0.5578125 0.74375 0.043750000000000004 0.043750000000000004
6 0.6960937500000001 0.2578125 0.0484375 0.043750000000000004
1 0.07265625 0.83984375 0.0421875 0.0546875
2 0.2625 0.16562500000000002 0.08125 0.040625
2 0.859375 0.86484375 0.06875 0.0421875
