1 0.278125 0.4578125 0.05 0.05625
2 0.8812500000000001 0.6359375 0.043750000000000004 0.084375
1 0.6796875 0.453125 0.046875 0.059375000000000004
2 0.59921875 0.45078125 0.0890625 0.0390625
3 0.5453125 0.39140625 0.07500000000000001 0.051562500000000004
3 0.24140625000000002 0.55859375 0.045312500000000006 0.035937500000000004
5 0.21796875000000002 0.215625 0.0484375 0.046875
4 0.371875 0.3328125 0.065625 0.0625
4 0.09765625 0.64609375 0.051562500000000004 0.060937500000000006
6 0.33437500000000003 0.50546875 0.05 0.0421875
