1 0.5421875 0.19843750000000002 0.0625 0.065625
1 0.75390625 0.27734375 0.051562500000000004 0.051562500000000004
2 0.6984375 0.17578125 0.034375 0.0859375
2 0.49765625 0.34687500000000004 0.0390625 0.078125
3 0.5625 0.11953125 0.040625 0.0546875
3 0.8640625000000001 0.17343750000000002 0.046875 0.05
4 0.7515625 0.1421875 0.046875 0.053125000000000006
4 0.9484375 0.34765625 0.05625 0.045312500000000006
5 0.34375 0.690625 0.053125000000000006 0.059375000000000004
6 0.36875 0.32421875 0.034375 0.060937500000000006
