1 0.5593750000000001 0.2171875 0.07500000000000001 0.046875
1 0.67578125 0.56796875 0.08281250000000001 0.0703125
2 0.640625 0.659375 0.078125 0.037500000000000006
2 0.8875000000000001 0.41875 0.034375 0.078125
3 0.82578125 0.38046875 0.045312500000000006 0.035937500000000004
3 0.49140625000000004 0.49765625 0.0421875 0.0421875
4 0.6578125 0.24921875000000002 0.046875 0.0578125
4 0.75703125 0.08984375 0.0703125 0.045312500000000006
5 0.37812500000000004 0.1328125 0.053125000000000006 0.053125000000000006
6 0.9203125000000001 0.078125 0.053125000000000006 0.053125000000000006
