1 0.18281250000000002 0.7781250000000001 0.037500000000000006 0.0625
1 0.29921875000000003 0.8375 0.0671875 0.053125000000000006
2 0.5859375 0.46718750000000003 0.046875 0.09375
2 0.8015625000000001 0.48281250000000003 0.046875 0.078125
3 0.7875000000000001 0.65390625 0.0625 0.0578125
3 0.6890625 0.753125 0.053125000000000006 0.053125000000000006
4 0.5671875000000001 0.64453125 0.1125 0.051562500000000004
4 0.39375000000000004 0.34140625 0.078125 0.0546875
6 0.23984375000000002 0.13203125000000002 0.051562500000000004 0.0546875
6 0.60703125 0.28203125 0.051562500000000004 0.051562500000000004
