1 0.40859375000000003 0.26328125 0.0484375 0.0921875
1 0.31640625 0.8406250000000001 0.0859375 0.07500000000000001
2 0.50234375 0.3125 0.0390625 0.07500000000000001
2 0.225 0.73359375 0.059375000000000004 0.0703125
3 0.7234375000000001 0.55859375 0.05 0.045312500000000006
3 0.97265625 0.19843750000000002 0.051562500000000004 0.037500000000000006
4 0.83359375 0.28125 0.0484375 0.05625
4 0.3640625 0.060937500000000006 0.053125000000000006 0.046875
5 0.9125000000000001 0.44921875 0.05 0.0484375
6 0.1703125 0.8796875000000001 0.046875 0.05
