1 0.16171875000000002 0.35234375 0.0921875 0.0546875
1 0.6742187500000001 0.46171875 0.0421875 0.0765625
2 0.84765625 0.4390625 0.1046875 0.053125000000000006
2 0.9 0.17500000000000002 0.08125 0.078125
3 0.6273437500000001 0.18046875 0.051562500000000004 0.1015625
3 0.775 0.04609375 0.05 0.0484375
4 0.1796875 0.08984375 0.046875 0.1078125
5 0.47187500000000004 0.08671875000000001 0.084375 0.0703125
6 0.721875 0.30234375 0.040625 0.051562500000000004
6 0.10859375 0.06953125 0.045312500000000006 0.051562500000000004
