1 0.26484375 0.6570312500000001 0.11093750000000001 0.1265625
1 0.690625 0.6023437500000001 0.05625 0.0671875
1 0.7328125000000001 0.890625 0.06875 0.053125000000000006
1 0.8296875 0.8625 0.05 0.053125000000000006
2 0.87890625 0.62890625 0.0734375 0.0734375
2 0.28203125 0.54140625 0.1046875 0.1203125
3 0.4890625 0.5476562500000001 0.08125 0.0703125
3 0.10234375000000001 0.828125 0.08281250000000001 0.078125
3 0.9148437500000001 0.58125 0.06406250000000001 0.043750000000000004
4 0.47890625000000003 0.7078125000000001 0.0578125 0.06875
