1 0.46015625000000004 0.7406250000000001 0.0890625 0.07187500000000001
1 0.571875 0.6468750000000001 0.134375 0.109375
2 0.15390625000000002 0.7890625 0.0703125 0.07500000000000001
2 0.79609375 0.24609375 0.0421875 0.0921875
3 0.9164062500000001 0.15156250000000002 0.0546875 0.053125000000000006
4 0.47187500000000004 0.05859375 0.07187500000000001 0.06406250000000001
4 0.5671875000000001 0.14375000000000002 0.043750000000000004 0.065625
5 0.31015625 0.31484375000000003 0.0546875 0.08281250000000001
6 0.08281250000000001 0.23046875 0.05625 0.07968750000000001
1 0.875 0.6664062500000001 0.053125000000000006 0.0890625
1 0.70859375 0.80390625 0.0859375 0.0484375
2 0.890625 0.8968750000000001 0.09062500000000001 0.06875
