1 0.54609375 0.31953125000000004 0.051562500000000004 0.0578125
1 0.5945312500000001 0.1546875 0.0734375 0.040625
2 0.8445312500000001 0.17890625000000002 0.0546875 0.0546875
2 0.953125 0.18203125 0.05 0.060937500000000006
2 0.6960937500000001 0.06015625 0.0421875 0.0578125
3 0.34140625 0.23125 0.0546875 0.053125000000000006
3 0.5171875 0.39609375 0.065625 0.045312500000000006
4 0.5750000000000001 0.67578125 0.059375000000000004 0.0484375
5 0.17265625 0.5921875 0.060937500000000006 0.065625
6 0.39687500000000003 0.28046875 0.10625000000000001 0.11406250000000001
