1 0.47890625000000003 0.3796875 0.051562500000000004 0.040625
4 0.446875 0.62109375 0.043750000000000004 0.0546875
6 0.46953125 0.7328125000000001 0.0546875 0.046875
5 0.4453125 0.47500000000000003 0.05 0.05
4 0.10390625 0.61640625 0.0484375 0.0546875
5 0.33906250000000004 0.84765625 0.07187500000000001 0.0765625
4 0.10546875 0.85078125 0.0546875 0.0546875
3 0.0703125 0.74765625 0.059375000000000004 0.06406250000000001
1 0.8187500000000001 0.38046875 0.05625 0.045312500000000006
4 0.4109375 0.209375 0.046875 0.046875
